vec <- 2:15
